0024 -7.520833333333337 43.5 -7.1875 43.33333333333338
0025 -7.1875 43.5 -6.854166666666655 43.33333333333338
0026 -6.854166666666655 43.5 -6.520833333333359 43.33333333333338
0027 -6.520833333333359 43.5 -6.1875 43.33333333333338
0028 -6.1875 43.5 -5.854166666666677 43.33333333333338
0029 -5.854166666666677 43.5 -5.520833333333291 43.33333333333338
0030 -5.520833333333291 43.5 -5.1875 43.33333333333338
0031 -5.1875 43.5 -4.854166666666696 43.33333333333338
0032 -4.854166666666696 43.5 -4.520833333333311 43.33333333333338
0033 -4.520833333333311 43.5 -4.1875 43.33333333333338
0034 -4.1875 43.5 -3.854166666666629 43.33333333333338
0035 -3.854166666666629 43.5 -3.520833333333332 43.33333333333338
0036 -3.520833333333332 43.5 -3.1875 43.33333333333338
0037 -3.1875 43.5 -2.85416666666665 43.33333333333338
0038 -2.85416666666665 43.5 -2.520833333333353 43.33333333333338
0039 -2.520833333333353 43.5 -2.1875 43.33333333333338
0040 -2.1875 43.5 -1.854166666666671 43.33333333333338
0041 -1.854166666666671 43.5 -1.520833333333286 43.33333333333338
0043 -9.1875 43.33333333333338 -8.854166666666702 43.166666666666686
0044 -8.854166666666702 43.33333333333338 -8.520833333333316 43.166666666666686
0045 -8.520833333333316 43.33333333333338 -8.1875 43.166666666666686
0046 -8.1875 43.33333333333338 -7.854166666666634 43.166666666666686
0047 -7.854166666666634 43.33333333333338 -7.520833333333337 43.166666666666686
0048 -7.520833333333337 43.33333333333338 -7.1875 43.166666666666686
0049 -7.1875 43.33333333333338 -6.854166666666655 43.166666666666686
0050 -6.854166666666655 43.33333333333338 -6.520833333333359 43.166666666666686
0051 -6.520833333333359 43.33333333333338 -6.1875 43.166666666666686
0052 -6.1875 43.33333333333338 -5.854166666666677 43.166666666666686
0053 -5.854166666666677 43.33333333333338 -5.520833333333291 43.166666666666686
0054 -5.520833333333291 43.33333333333338 -5.1875 43.166666666666686
0055 -5.1875 43.33333333333338 -4.854166666666696 43.166666666666686
0056 -4.854166666666696 43.33333333333338 -4.520833333333311 43.166666666666686
0057 -4.520833333333311 43.33333333333338 -4.1875 43.166666666666686
0058 -4.1875 43.33333333333338 -3.854166666666629 43.166666666666686
0059 -3.854166666666629 43.33333333333338 -3.520833333333332 43.166666666666686
0060 -3.520833333333332 43.33333333333338 -3.1875 43.166666666666686
0148 0.479166666666671 42.833333333333385 0.8125 42.6666666666667
0149 0.8125 42.833333333333385 1.145833333333353 42.6666666666667
0150 1.145833333333353 42.833333333333385 1.47916666666665 42.6666666666667
0151 -9.1875 42.6666666666667 -8.854166666666702 42.5
0152 -8.854166666666702 42.6666666666667 -8.520833333333316 42.5
0153 -8.520833333333316 42.6666666666667 -8.1875 42.5
0154 -8.1875 42.6666666666667 -7.854166666666634 42.5
0155 -7.854166666666634 42.6666666666667 -7.520833333333337 42.5
0156 -7.520833333333337 42.6666666666667 -7.1875 42.5
0157 -7.1875 42.6666666666667 -6.854166666666655 42.5
0158 -6.854166666666655 42.6666666666667 -6.520833333333359 42.5
0159 -6.520833333333359 42.6666666666667 -6.1875 42.5
0160 -6.1875 42.6666666666667 -5.854166666666677 42.5
0161 -5.854166666666677 42.6666666666667 -5.520833333333291 42.5
0162 -5.520833333333291 42.6666666666667 -5.1875 42.5
0163 -5.1875 42.6666666666667 -4.854166666666696 42.5
0164 -4.854166666666696 42.6666666666667 -4.520833333333311 42.5
0165 -4.520833333333311 42.6666666666667 -4.1875 42.5
0166 -4.1875 42.6666666666667 -3.854166666666629 42.5
0061 -3.1875 43.33333333333338 -2.85416666666665 43.166666666666686
0062 -2.85416666666665 43.33333333333338 -2.520833333333353 43.166666666666686
0063 -2.520833333333353 43.33333333333338 -2.1875 43.166666666666686
0064 -2.1875 43.33333333333338 -1.854166666666671 43.166666666666686
0065 -1.854166666666671 43.33333333333338 -1.520833333333286 43.166666666666686
0066 -1.520833333333286 43.33333333333338 -1.1875 43.166666666666686
0067 -9.520833333333295 43.166666666666686 -9.1875 43.0
0068 -9.1875 43.166666666666686 -8.854166666666702 43.0
0069 -8.854166666666702 43.166666666666686 -8.520833333333316 43.0
0070 -8.520833333333316 43.166666666666686 -8.1875 43.0
0071 -8.1875 43.166666666666686 -7.854166666666634 43.0
0072 -7.854166666666634 43.166666666666686 -7.520833333333337 43.0
0073 -7.520833333333337 43.166666666666686 -7.1875 43.0
0074 -7.1875 43.166666666666686 -6.854166666666655 43.0
0075 -6.854166666666655 43.166666666666686 -6.520833333333359 43.0
0076 -6.520833333333359 43.166666666666686 -6.1875 43.0
0077 -6.1875 43.166666666666686 -5.854166666666677 43.0
0078 -5.854166666666677 43.166666666666686 -5.520833333333291 43.0
0079 -5.520833333333291 43.166666666666686 -5.1875 43.0
0080 -5.1875 43.166666666666686 -4.854166666666696 43.0
0081 -4.854166666666696 43.166666666666686 -4.520833333333311 43.0
0082 -4.520833333333311 43.166666666666686 -4.1875 43.0
0083 -4.1875 43.166666666666686 -3.854166666666629 43.0
0084 -3.854166666666629 43.166666666666686 -3.520833333333332 43.0
0085 -3.520833333333332 43.166666666666686 -3.1875 43.0
0086 -3.1875 43.166666666666686 -2.85416666666665 43.0
0087 -2.85416666666665 43.166666666666686 -2.520833333333353 43.0
0088 -2.520833333333353 43.166666666666686 -2.1875 43.0
0089 -2.1875 43.166666666666686 -1.854166666666671 43.0
0090 -1.854166666666671 43.166666666666686 -1.520833333333286 43.0
0091 -1.520833333333286 43.166666666666686 -1.1875 43.0
0091B -1.1875 43.166666666666686 -0.854166666666693 43.0
0092 -9.520833333333295 43.0 -9.1875 42.8333333333333
0093 -9.1875 43.0 -8.854166666666702 42.8333333333333
0094 -8.854166666666702 43.0 -8.520833333333316 42.833333333333385
0095 -8.520833333333316 43.0 -8.1875 42.833333333333385
0096 -8.1875 43.0 -7.854166666666634 42.833333333333385
0097 -7.854166666666634 43.0 -7.520833333333337 42.833333333333385
0098 -7.520833333333337 43.0 -7.1875 42.833333333333385
0099 -7.1875 43.0 -6.854166666666655 42.833333333333385
0100 -6.854166666666655 43.0 -6.520833333333359 42.833333333333385
0101 -6.520833333333359 43.0 -6.1875 42.833333333333385
0102 -6.1875 43.0 -5.854166666666677 42.833333333333385
0103 -5.854166666666677 43.0 -5.520833333333291 42.833333333333385
0104 -5.520833333333291 43.0 -5.1875 42.833333333333385
0105 -5.1875 43.0 -4.854166666666696 42.833333333333385
0106 -4.854166666666696 43.0 -4.520833333333311 42.833333333333385
0107 -4.520833333333311 43.0 -4.1875 42.833333333333385
0108 -4.1875 43.0 -3.854166666666629 42.833333333333385
0109 -3.854166666666629 43.0 -3.520833333333332 42.833333333333385
0110 -3.520833333333332 43.0 -3.1875 42.833333333333385
0111 -3.1875 43.0 -2.85416666666665 42.833333333333385
0112 -2.85416666666665 43.0 -2.520833333333353 42.833333333333385
0113 -2.520833333333353 43.0 -2.1875 42.833333333333385
0114 -2.1875 43.0 -1.854166666666671 42.833333333333385
0115 -1.854166666666671 43.0 -1.520833333333286 42.833333333333385
0116 -1.520833333333286 43.0 -1.1875 42.833333333333385
0117 -1.1875 43.0 -0.854166666666693 42.833333333333385
0118 -0.854166666666693 43.0 -0.520833333333307 42.833333333333385
0118B 0.479166666666671 43.0 0.8125 42.833333333333385
0119 -9.1875 42.833333333333385 -8.854166666666702 42.6666666666667
0120 -8.854166666666702 42.833333333333385 -8.520833333333316 42.6666666666667
0121 -8.520833333333316 42.833333333333385 -8.1875 42.6666666666667
0122 -8.1875 42.833333333333385 -7.854166666666634 42.6666666666667
0123 -7.854166666666634 42.833333333333385 -7.520833333333337 42.6666666666667
0124 -7.520833333333337 42.833333333333385 -7.1875 42.6666666666667
0125 -7.1875 42.833333333333385 -6.854166666666655 42.6666666666667
0126 -6.854166666666655 42.833333333333385 -6.520833333333359 42.6666666666667
0127 -6.520833333333359 42.833333333333385 -6.1875 42.6666666666667
0128 -6.1875 42.833333333333385 -5.854166666666677 42.6666666666667
0129 -5.854166666666677 42.833333333333385 -5.520833333333291 42.6666666666667
0130 -5.520833333333291 42.833333333333385 -5.1875 42.6666666666667
0131 -5.1875 42.833333333333385 -4.854166666666696 42.6666666666667
0132 -4.854166666666696 42.833333333333385 -4.520833333333311 42.6666666666667
0133 -4.520833333333311 42.833333333333385 -4.1875 42.6666666666667
0134 -4.1875 42.833333333333385 -3.854166666666629 42.6666666666667
0135 -3.854166666666629 42.833333333333385 -3.520833333333332 42.6666666666667
0136 -3.520833333333332 42.833333333333385 -3.1875 42.6666666666667
0137 -3.1875 42.833333333333385 -2.85416666666665 42.6666666666667
0138 -2.85416666666665 42.833333333333385 -2.520833333333353 42.6666666666667
0139 -2.520833333333353 42.833333333333385 -2.1875 42.6666666666667
0140 -2.1875 42.833333333333385 -1.854166666666671 42.6666666666667
0141 -1.854166666666671 42.833333333333385 -1.520833333333286 42.6666666666667
0142 -1.520833333333286 42.833333333333385 -1.1875 42.6666666666667
0143 -1.1875 42.833333333333385 -0.854166666666693 42.6666666666667
0144 -0.854166666666693 42.833333333333385 -0.520833333333307 42.6666666666667
0145 -0.520833333333307 42.833333333333385 -0.1875 42.6666666666667
0145B -0.520833333333307 43.0 -0.1875 42.833333333333385
0146 -0.1875 42.833333333333385 0.145833333333375 42.6666666666667
0147 0.145833333333375 42.833333333333385 0.479166666666671 42.6666666666667
0001 -8.1875 43.83333333333337 -7.854166666666634 43.66666666666667
0002 -7.854166666666634 43.83333333333337 -7.520833333333337 43.66666666666667
0003 -7.520833333333337 43.83333333333337 -7.1875 43.66666666666667
0006 -8.520833333333316 43.66666666666667 -8.1875 43.5
0007 -8.1875 43.66666666666667 -7.854166666666634 43.5
0008 -7.854166666666634 43.66666666666667 -7.520833333333337 43.5
0009 -7.520833333333337 43.66666666666667 -7.1875 43.5
0010 -7.1875 43.66666666666667 -6.854166666666655 43.5
0011 -6.854166666666655 43.66666666666667 -6.520833333333359 43.5
0012 -6.520833333333359 43.66666666666667 -6.1875 43.5
0013 -6.1875 43.66666666666667 -5.854166666666677 43.5
0014 -5.854166666666677 43.66666666666667 -5.520833333333291 43.5
0015 -5.520833333333291 43.66666666666667 -5.1875 43.5
0018 -3.854166666666629 43.66666666666667 -3.520833333333332 43.5
0020 -8.854166666666702 43.5 -8.520833333333316 43.33333333333338
0021 -8.520833333333316 43.5 -8.1875 43.33333333333338
0022 -8.1875 43.5 -7.854166666666634 43.33333333333338
0023 -7.854166666666634 43.5 -7.520833333333337 43.33333333333338
0167 -3.854166666666629 42.6666666666667 -3.520833333333332 42.5
0168 -3.520833333333332 42.6666666666667 -3.1875 42.5
0169 -3.1875 42.6666666666667 -2.85416666666665 42.5
0170 -2.85416666666665 42.6666666666667 -2.520833333333353 42.5
0171 -2.520833333333353 42.6666666666667 -2.1875 42.5
0172 -2.1875 42.6666666666667 -1.854166666666671 42.5
0173 -1.854166666666671 42.6666666666667 -1.520833333333286 42.5
0174 -1.520833333333286 42.6666666666667 -1.1875 42.5
0175 -1.1875 42.6666666666667 -0.854166666666693 42.5
0176 -0.854166666666693 42.6666666666667 -0.520833333333307 42.5
0177 -0.520833333333307 42.6666666666667 -0.1875 42.5
0178 -0.1875 42.6666666666667 0.145833333333375 42.5
0179 0.145833333333375 42.6666666666667 0.479166666666671 42.5
0180 0.479166666666671 42.6666666666667 0.8125 42.5
0181 0.8125 42.6666666666667 1.145833333333353 42.5
0182 1.145833333333353 42.6666666666667 1.47916666666665 42.5
0183 1.47916666666665 42.6666666666667 1.8125 42.5
0184 -9.1875 42.5 -8.854166666666702 42.333333333333314
0185 -8.854166666666702 42.5 -8.520833333333316 42.333333333333314
0186 -8.520833333333316 42.5 -8.1875 42.333333333333314
0187 -8.1875 42.5 -7.854166666666634 42.333333333333314
0188 -7.854166666666634 42.5 -7.520833333333337 42.333333333333314
0189 -7.520833333333337 42.5 -7.1875 42.333333333333314
0190 -7.1875 42.5 -6.854166666666655 42.333333333333314
0191 -6.854166666666655 42.5 -6.520833333333359 42.333333333333314
0192 -6.520833333333359 42.5 -6.1875 42.333333333333314
0193 -6.1875 42.5 -5.854166666666677 42.333333333333314
0194 -5.854166666666677 42.5 -5.520833333333291 42.333333333333314
0195 -5.520833333333291 42.5 -5.1875 42.333333333333314
0196 -5.1875 42.5 -4.854166666666696 42.333333333333314
0197 -4.854166666666696 42.5 -4.520833333333311 42.333333333333314
0198 -4.520833333333311 42.5 -4.1875 42.333333333333314
0199 -4.1875 42.5 -3.854166666666629 42.333333333333314
0200 -3.854166666666629 42.5 -3.520833333333332 42.333333333333314
0201 -3.520833333333332 42.5 -3.1875 42.333333333333314
0202 -3.1875 42.5 -2.85416666666665 42.333333333333314
0203 -2.85416666666665 42.5 -2.520833333333353 42.333333333333314
0204 -2.520833333333353 42.5 -2.1875 42.333333333333314
0205 -2.1875 42.5 -1.854166666666671 42.333333333333314
0206 -1.854166666666671 42.5 -1.520833333333286 42.333333333333314
0207 -1.520833333333286 42.5 -1.1875 42.333333333333314
0208 -1.1875 42.5 -0.854166666666693 42.333333333333314
0209 -0.854166666666693 42.5 -0.520833333333307 42.333333333333314
0210 -0.520833333333307 42.5 -0.1875 42.333333333333314
0211 -0.1875 42.5 0.145833333333375 42.333333333333314
0212 0.145833333333375 42.5 0.479166666666671 42.333333333333314
0213 0.479166666666671 42.5 0.8125 42.333333333333314
0214 0.8125 42.5 1.145833333333353 42.333333333333314
0215 1.145833333333353 42.5 1.47916666666665 42.333333333333314
0216 1.47916666666665 42.5 1.8125 42.333333333333314
0217 1.8125 42.5 2.145833333333332 42.333333333333314
0218 2.145833333333332 42.5 2.479166666666629 42.333333333333314
0219 2.479166666666629 42.5 2.8125 42.333333333333314
0220 2.8125 42.5 3.145833333333311 42.333333333333314
0221 3.145833333333311 42.5 3.479166666666696 42.333333333333314
0222 -9.1875 42.333333333333314 -8.854166666666702 42.16666666666671
0223 -8.854166666666702 42.333333333333314 -8.520833333333316 42.16666666666671
0224 -8.520833333333316 42.333333333333314 -8.1875 42.16666666666671
0225 -8.1875 42.333333333333314 -7.854166666666634 42.16666666666671
0226 -7.854166666666634 42.333333333333314 -7.520833333333337 42.16666666666671
0227 -7.520833333333337 42.333333333333314 -7.1875 42.16666666666671
0228 -7.1875 42.333333333333314 -6.854166666666655 42.16666666666671
0229 -6.854166666666655 42.333333333333314 -6.520833333333359 42.16666666666671
0230 -6.520833333333359 42.333333333333314 -6.1875 42.16666666666671
0231 -6.1875 42.333333333333314 -5.854166666666677 42.16666666666671
0232 -5.854166666666677 42.333333333333314 -5.520833333333291 42.16666666666671
0233 -5.520833333333291 42.333333333333314 -5.1875 42.16666666666671
0234 -5.1875 42.333333333333314 -4.854166666666696 42.16666666666671
0235 -4.854166666666696 42.333333333333314 -4.520833333333311 42.16666666666671
0236 -4.520833333333311 42.333333333333314 -4.1875 42.16666666666671
0237 -4.1875 42.333333333333314 -3.854166666666629 42.16666666666671
0238 -3.854166666666629 42.333333333333314 -3.520833333333332 42.16666666666671
0239 -3.520833333333332 42.333333333333314 -3.1875 42.16666666666671
0240 -3.1875 42.333333333333314 -2.85416666666665 42.16666666666671
0241 -2.85416666666665 42.333333333333314 -2.520833333333353 42.16666666666671
0242 -2.520833333333353 42.333333333333314 -2.1875 42.16666666666671
0243 -2.1875 42.333333333333314 -1.854166666666671 42.16666666666671
0244 -1.854166666666671 42.333333333333314 -1.520833333333286 42.16666666666671
0245 -1.520833333333286 42.333333333333314 -1.1875 42.16666666666671
0246 -1.1875 42.333333333333314 -0.854166666666693 42.16666666666671
0247 -0.854166666666693 42.333333333333314 -0.520833333333307 42.16666666666671
0248 -0.520833333333307 42.333333333333314 -0.1875 42.16666666666671
0249 -0.1875 42.333333333333314 0.145833333333375 42.16666666666671
0250 0.145833333333375 42.333333333333314 0.479166666666671 42.16666666666671
0251 0.479166666666671 42.333333333333314 0.8125 42.16666666666671
0252 0.8125 42.333333333333314 1.145833333333353 42.16666666666671
0253 1.145833333333353 42.333333333333314 1.47916666666665 42.16666666666671
0254 1.47916666666665 42.333333333333314 1.8125 42.16666666666671
0255 1.8125 42.333333333333314 2.145833333333332 42.16666666666671
0256 2.145833333333332 42.333333333333314 2.479166666666629 42.16666666666671
0257 2.479166666666629 42.333333333333314 2.8125 42.16666666666671
0258 2.8125 42.333333333333314 3.145833333333311 42.16666666666671
0259 3.145833333333311 42.333333333333314 3.479166666666696 42.16666666666671
0260 -9.1875 42.16666666666671 -8.854166666666702 42.0
0261 -8.854166666666702 42.16666666666671 -8.520833333333316 42.0
0262 -8.520833333333316 42.16666666666671 -8.1875 42.0
0263 -8.1875 42.16666666666671 -7.854166666666634 42.0
0264 -7.854166666666634 42.16666666666671 -7.520833333333337 42.0
0265 -7.520833333333337 42.16666666666671 -7.1875 42.0
0266 -7.1875 42.16666666666671 -6.854166666666655 42.0
0267 -6.854166666666655 42.16666666666671 -6.520833333333359 42.0
0268 -6.520833333333359 42.16666666666671 -6.1875 42.0
0269 -6.1875 42.16666666666671 -5.854166666666677 42.0
0270 -5.854166666666677 42.16666666666671 -5.520833333333291 42.0
0271 -5.520833333333291 42.16666666666671 -5.1875 42.0
0272 -5.1875 42.16666666666671 -4.854166666666696 42.0
0273 -4.854166666666696 42.16666666666671 -4.520833333333311 42.0
0274 -4.520833333333311 42.16666666666671 -4.1875 42.0
0275 -4.1875 42.16666666666671 -3.854166666666629 42.0
0276 -3.854166666666629 42.16666666666671 -3.520833333333332 42.0
0277 -3.520833333333332 42.16666666666671 -3.1875 42.0
0278 -3.1875 42.16666666666671 -2.85416666666665 42.0
0279 -2.85416666666665 42.16666666666671 -2.520833333333353 42.0
0280 -2.520833333333353 42.16666666666671 -2.1875 42.0
0281 -2.1875 42.16666666666671 -1.854166666666671 42.0
0282 -1.854166666666671 42.16666666666671 -1.520833333333286 42.0
0283 -1.520833333333286 42.16666666666671 -1.1875 42.0
0284 -1.1875 42.16666666666671 -0.854166666666693 42.0
0285 -0.854166666666693 42.16666666666671 -0.520833333333307 42.0
0286 -0.520833333333307 42.16666666666671 -0.1875 42.0
0287 -0.1875 42.16666666666671 0.145833333333375 42.0
0288 0.145833333333375 42.16666666666671 0.479166666666671 42.0
0289 0.479166666666671 42.16666666666671 0.8125 42.0
0290 0.8125 42.16666666666671 1.145833333333353 42.0
0291 1.145833333333353 42.16666666666671 1.47916666666665 42.0
0292 1.47916666666665 42.16666666666671 1.8125 42.0
0293 1.8125 42.16666666666671 2.145833333333332 42.0
0294 2.145833333333332 42.16666666666671 2.479166666666629 42.0
0295 2.479166666666629 42.16666666666671 2.8125 42.0
0296 2.8125 42.16666666666671 3.145833333333311 42.0
0297 3.145833333333311 42.16666666666671 3.479166666666696 42.0
0298 -9.1875 42.0 -8.854166666666702 41.83333333333332
0299 -8.854166666666702 42.0 -8.520833333333316 41.83333333333332
0300 -8.520833333333316 42.0 -8.1875 41.83333333333332
0301 -8.1875 42.0 -7.854166666666634 41.83333333333332
0302 -7.854166666666634 42.0 -7.520833333333337 41.83333333333332
0303 -7.520833333333337 42.0 -7.1875 41.83333333333332
0303B -7.520833333333337 41.83333333333332 -7.1875 41.66666666666663
0304 -7.1875 42.0 -6.854166666666655 41.83333333333332
0305 -6.854166666666655 42.0 -6.520833333333359 41.83333333333332
0306 -6.520833333333359 42.0 -6.1875 41.83333333333332
0307 -6.1875 42.0 -5.854166666666677 41.83333333333332
0308 -5.854166666666677 42.0 -5.520833333333291 41.83333333333332
0309 -5.520833333333291 42.0 -5.1875 41.83333333333332
0310 -5.1875 42.0 -4.854166666666696 41.83333333333332
0311 -4.854166666666696 42.0 -4.520833333333311 41.83333333333332
0312 -4.520833333333311 42.0 -4.1875 41.83333333333332
0313 -4.1875 42.0 -3.854166666666629 41.83333333333332
0314 -3.854166666666629 42.0 -3.520833333333332 41.83333333333332
0315 -3.520833333333332 42.0 -3.1875 41.83333333333332
0316 -3.1875 42.0 -2.85416666666665 41.83333333333332
0317 -2.85416666666665 42.0 -2.520833333333353 41.83333333333332
0318 -2.520833333333353 42.0 -2.1875 41.83333333333332
0319 -2.1875 42.0 -1.854166666666671 41.83333333333332
0320 -1.854166666666671 42.0 -1.520833333333286 41.83333333333332
0321 -1.520833333333286 42.0 -1.1875 41.83333333333332
0322 -1.1875 42.0 -0.854166666666693 41.83333333333332
0323 -0.854166666666693 42.0 -0.520833333333307 41.83333333333332
0324 -0.520833333333307 42.0 -0.1875 41.83333333333332
0325 -0.1875 42.0 0.145833333333375 41.83333333333332
0326 0.145833333333375 42.0 0.479166666666671 41.83333333333332
0327 0.479166666666671 42.0 0.8125 41.83333333333332
0328 0.8125 42.0 1.145833333333353 41.83333333333332
0329 1.145833333333353 42.0 1.47916666666665 41.83333333333332
0330 1.47916666666665 42.0 1.8125 41.83333333333332
0331 1.8125 42.0 2.145833333333332 41.83333333333332
0332 2.145833333333332 42.0 2.479166666666629 41.83333333333332
0333 2.479166666666629 42.0 2.8125 41.83333333333332
0334 2.8125 42.0 3.145833333333311 41.83333333333332
0335 3.145833333333311 42.0 3.479166666666696 41.83333333333332
0336 -8.1875 41.83333333333332 -7.854166666666634 41.66666666666663
0302B -7.854166666666634 41.83333333333332 -7.520833333333337 41.66666666666663
0337 -6.854166666666655 41.83333333333332 -6.520833333333359 41.66666666666663
0338 -6.520833333333359 41.83333333333332 -6.1875 41.66666666666663
0339 -6.1875 41.83333333333332 -5.854166666666677 41.666666666666714
0340 -5.854166666666677 41.83333333333332 -5.520833333333291 41.666666666666714
0341 -5.520833333333291 41.83333333333332 -5.1875 41.666666666666714
0342 -5.1875 41.83333333333332 -4.854166666666696 41.666666666666714
0343 -4.854166666666696 41.83333333333332 -4.520833333333311 41.666666666666714
0344 -4.520833333333311 41.83333333333332 -4.1875 41.666666666666714
0345 -4.1875 41.83333333333332 -3.854166666666629 41.666666666666714
0346 -3.854166666666629 41.83333333333332 -3.520833333333332 41.666666666666714
0347 -3.520833333333332 41.83333333333332 -3.1875 41.666666666666714
0348 -3.1875 41.83333333333332 -2.85416666666665 41.666666666666714
0349 -2.85416666666665 41.83333333333332 -2.520833333333353 41.666666666666714
0350 -2.520833333333353 41.83333333333332 -2.1875 41.666666666666714
0351 -2.1875 41.83333333333332 -1.854166666666671 41.666666666666714
0352 -1.854166666666671 41.83333333333332 -1.520833333333286 41.666666666666714
0353 -1.520833333333286 41.83333333333332 -1.1875 41.666666666666714
0354 -1.1875 41.83333333333332 -0.854166666666693 41.666666666666714
0355 -0.854166666666693 41.83333333333332 -0.520833333333307 41.666666666666714
0356 -0.520833333333307 41.83333333333332 -0.1875 41.666666666666714
0357 -0.1875 41.83333333333332 0.145833333333375 41.666666666666714
0358 0.145833333333375 41.83333333333332 0.479166666666671 41.666666666666714
0359 0.479166666666671 41.83333333333332 0.8125 41.666666666666714
0360 0.8125 41.83333333333332 1.145833333333353 41.666666666666714
0361 1.145833333333353 41.83333333333332 1.47916666666665 41.666666666666714
0362 1.47916666666665 41.83333333333332 1.8125 41.666666666666714
0363 1.8125 41.83333333333332 2.145833333333332 41.666666666666714
0364 2.145833333333332 41.83333333333332 2.479166666666629 41.666666666666714
0365 2.479166666666629 41.83333333333332 2.8125 41.66666666666663
0366 2.8125 41.83333333333332 3.145833333333311 41.66666666666663
0367 -6.520833333333359 41.666666666666714 -6.1875 41.5
0368 -6.1875 41.666666666666714 -5.854166666666677 41.5
0369 -5.854166666666677 41.666666666666714 -5.520833333333291 41.5
0370 -5.520833333333291 41.666666666666714 -5.1875 41.5
0371 -5.1875 41.666666666666714 -4.854166666666696 41.5
0372 -4.854166666666696 41.666666666666714 -4.520833333333311 41.5
0373 -4.520833333333311 41.666666666666714 -4.1875 41.5
0374 -4.1875 41.666666666666714 -3.854166666666629 41.5
0375 -3.854166666666629 41.666666666666714 -3.520833333333332 41.5
0376 -3.520833333333332 41.666666666666714 -3.1875 41.5
0377 -3.1875 41.666666666666714 -2.85416666666665 41.5
0378 -2.85416666666665 41.666666666666714 -2.520833333333353 41.5
0379 -2.520833333333353 41.666666666666714 -2.1875 41.5
0380 -2.1875 41.666666666666714 -1.854166666666671 41.5
0381 -1.854166666666671 41.666666666666714 -1.520833333333286 41.5
0382 -1.520833333333286 41.666666666666714 -1.1875 41.5
0383 -1.1875 41.666666666666714 -0.854166666666693 41.5
0384 -0.854166666666693 41.666666666666714 -0.520833333333307 41.5
0385 -0.520833333333307 41.666666666666714 -0.1875 41.5
0386 -0.1875 41.666666666666714 0.145833333333375 41.5
0387 0.145833333333375 41.666666666666714 0.479166666666671 41.5
0388 0.479166666666671 41.666666666666714 0.8125 41.5
0389 0.8125 41.666666666666714 1.145833333333353 41.5
0390 1.145833333333353 41.666666666666714 1.47916666666665 41.5
0391 1.47916666666665 41.666666666666714 1.8125 41.5
0392 1.8125 41.666666666666714 2.145833333333332 41.5
0393 2.145833333333332 41.666666666666714 2.479166666666629 41.5
0394 2.479166666666629 41.666666666666714 2.8125 41.5
0395 -6.520833333333359 41.5 -6.1875 41.33333333333333
0396 -6.1875 41.5 -5.854166666666677 41.33333333333333
0397 -5.854166666666677 41.5 -5.520833333333291 41.33333333333333
0398 -5.520833333333291 41.5 -5.1875 41.33333333333333
0399 -5.1875 41.5 -4.854166666666696 41.33333333333333
0400 -4.854166666666696 41.5 -4.520833333333311 41.33333333333333
0401 -4.520833333333311 41.5 -4.1875 41.33333333333333
0402 -4.1875 41.5 -3.854166666666629 41.33333333333333
0403 -3.854166666666629 41.5 -3.520833333333332 41.33333333333333
0404 -3.520833333333332 41.5 -3.1875 41.33333333333333
0405 -3.1875 41.5 -2.85416666666665 41.33333333333333
0406 -2.85416666666665 41.5 -2.520833333333353 41.33333333333333
0407 -2.520833333333353 41.5 -2.1875 41.33333333333333
0408 -2.1875 41.5 -1.854166666666671 41.33333333333333
0409 -1.854166666666671 41.5 -1.520833333333286 41.33333333333333
0410 -1.520833333333286 41.5 -1.1875 41.33333333333333
0411 -1.1875 41.5 -0.854166666666693 41.33333333333333
0412 -0.854166666666693 41.5 -0.520833333333307 41.33333333333333
0413 -0.520833333333307 41.5 -0.1875 41.33333333333333
0414 -0.1875 41.5 0.145833333333375 41.33333333333333
0415 0.145833333333375 41.5 0.479166666666671 41.33333333333333
0416 0.479166666666671 41.5 0.8125 41.33333333333333
0417 0.8125 41.5 1.145833333333353 41.33333333333333
0418 1.145833333333353 41.5 1.47916666666665 41.33333333333333
0419 1.47916666666665 41.5 1.8125 41.33333333333333
0420 1.8125 41.5 2.145833333333332 41.33333333333333
0421 2.145833333333332 41.5 2.479166666666629 41.33333333333333
0422 -6.854166666666655 41.33333333333333 -6.520833333333359 41.16666666666673
0423 -6.520833333333359 41.33333333333333 -6.1875 41.16666666666673
0424 -6.1875 41.33333333333333 -5.854166666666677 41.16666666666673
0425 -5.854166666666677 41.33333333333333 -5.520833333333291 41.16666666666673
0426 -5.520833333333291 41.33333333333333 -5.1875 41.16666666666673
0427 -5.1875 41.33333333333333 -4.854166666666696 41.16666666666673
0428 -4.854166666666696 41.33333333333333 -4.520833333333311 41.16666666666673
0429 -4.520833333333311 41.33333333333333 -4.1875 41.16666666666673
0430 -4.1875 41.33333333333333 -3.854166666666629 41.16666666666673
0431 -3.854166666666629 41.33333333333333 -3.520833333333332 41.16666666666673
0432 -3.520833333333332 41.33333333333333 -3.1875 41.16666666666673
0433 -3.1875 41.33333333333333 -2.85416666666665 41.16666666666673
0434 -2.85416666666665 41.33333333333333 -2.520833333333353 41.16666666666673
0435 -2.520833333333353 41.33333333333333 -2.1875 41.16666666666673
0436 -2.1875 41.33333333333333 -1.854166666666671 41.16666666666673
0437 -1.854166666666671 41.33333333333333 -1.520833333333286 41.16666666666673
0438 -1.520833333333286 41.33333333333333 -1.1875 41.16666666666673
0439 -1.1875 41.33333333333333 -0.854166666666693 41.16666666666673
0440 -0.854166666666693 41.33333333333333 -0.520833333333307 41.16666666666673
0441 -0.520833333333307 41.33333333333333 -0.1875 41.16666666666673
0442 -0.1875 41.33333333333333 0.145833333333375 41.16666666666673
0443 0.145833333333375 41.33333333333333 0.479166666666671 41.16666666666673
0444 0.479166666666671 41.33333333333333 0.8125 41.16666666666673
0445 0.8125 41.33333333333333 1.145833333333353 41.16666666666673
0446 1.145833333333353 41.33333333333333 1.47916666666665 41.166666666666636
0447 1.47916666666665 41.33333333333333 1.8125 41.166666666666636
0448 1.8125 41.33333333333333 2.145833333333332 41.166666666666636
0448C 2.145833333333332 41.33333333333333 2.479166666666629 41.166666666666636
0448B -7.1875 41.16666666666673 -6.854166666666655 41.0
0449 -6.854166666666655 41.16666666666673 -6.520833333333359 41.0
0450 -6.520833333333359 41.16666666666673 -6.1875 41.0
0451 -6.1875 41.16666666666673 -5.854166666666677 41.0
0452 -5.854166666666677 41.16666666666673 -5.520833333333291 41.0
0453 -5.520833333333291 41.16666666666673 -5.1875 41.0
0454 -5.1875 41.16666666666673 -4.854166666666696 41.0
0455 -4.854166666666696 41.16666666666673 -4.520833333333311 41.0
0456 -4.520833333333311 41.16666666666673 -4.1875 41.0
0457 -4.1875 41.16666666666673 -3.854166666666629 41.0
0458 -3.854166666666629 41.16666666666673 -3.520833333333332 41.0
0459 -3.520833333333332 41.16666666666673 -3.1875 41.0
0460 -3.1875 41.16666666666673 -2.85416666666665 41.0
0461 -2.85416666666665 41.16666666666673 -2.520833333333353 41.0
0462 -2.520833333333353 41.16666666666673 -2.1875 41.0
0463 -2.1875 41.16666666666673 -1.854166666666671 41.0
0464 -1.854166666666671 41.16666666666673 -1.520833333333286 41.0
0465 -1.520833333333286 41.16666666666673 -1.1875 41.0
0466 -1.1875 41.16666666666673 -0.854166666666693 41.0
0467 -0.854166666666693 41.16666666666673 -0.520833333333307 41.0
0468 -0.520833333333307 41.16666666666673 -0.1875 41.0
0469 -0.1875 41.16666666666673 0.145833333333375 41.0
0470 0.145833333333375 41.16666666666673 0.479166666666671 41.0
0471 0.479166666666671 41.16666666666673 0.8125 41.0
0472 0.8125 41.16666666666673 1.145833333333353 41.0
0473 1.145833333333353 41.16666666666673 1.47916666666665 41.0
0474 -7.1875 41.0 -6.854166666666655 40.83333333333334
0475 -6.854166666666655 41.0 -6.520833333333359 40.83333333333334
0476 -6.520833333333359 41.0 -6.1875 40.83333333333334
0477 -6.1875 41.0 -5.854166666666677 40.83333333333334
0478 -5.854166666666677 41.0 -5.520833333333291 40.83333333333334
0479 -5.520833333333291 41.0 -5.1875 40.83333333333334
0480 -5.1875 41.0 -4.854166666666696 40.83333333333334
0481 -4.854166666666696 41.0 -4.520833333333311 40.83333333333334
0482 -4.520833333333311 41.0 -4.1875 40.83333333333334
0483 -4.1875 41.0 -3.854166666666629 40.83333333333334
0484 -3.854166666666629 41.0 -3.520833333333332 40.83333333333334
0485 -3.520833333333332 41.0 -3.1875 40.83333333333334
0486 -3.1875 41.0 -2.85416666666665 40.83333333333334
0487 -2.85416666666665 41.0 -2.520833333333353 40.83333333333334
0488 -2.520833333333353 41.0 -2.1875 40.83333333333334
0489 -2.1875 41.0 -1.854166666666671 40.83333333333334
0490 -1.854166666666671 41.0 -1.520833333333286 40.83333333333334
0491 -1.520833333333286 41.0 -1.1875 40.83333333333334
0492 -1.1875 41.0 -0.854166666666693 40.83333333333334
0493 -0.854166666666693 41.0 -0.520833333333307 40.83333333333334
0494 -0.520833333333307 41.0 -0.1875 40.83333333333334
0495 -0.1875 41.0 0.145833333333375 40.83333333333334
0496 0.145833333333375 41.0 0.479166666666671 40.83333333333334
0497 0.479166666666671 41.0 0.8125 40.83333333333334
0498 0.8125 41.0 1.145833333333353 40.83333333333334
0500 -6.854166666666655 40.83333333333334 -6.520833333333359 40.66666666666665
0501 -6.520833333333359 40.83333333333334 -6.1875 40.66666666666665
0502 -6.1875 40.83333333333334 -5.854166666666677 40.66666666666665
0503 -5.854166666666677 40.83333333333334 -5.520833333333291 40.66666666666665
0504 -5.520833333333291 40.83333333333334 -5.1875 40.66666666666665
0505 -5.1875 40.83333333333334 -4.854166666666696 40.66666666666665
0506 -4.854166666666696 40.83333333333334 -4.520833333333311 40.66666666666665
0507 -4.520833333333311 40.83333333333334 -4.1875 40.66666666666665
0508 -4.1875 40.83333333333334 -3.854166666666629 40.66666666666665
0509 -3.854166666666629 40.83333333333334 -3.520833333333332 40.66666666666665
0510 -3.520833333333332 40.83333333333334 -3.1875 40.66666666666665
0511 -3.1875 40.83333333333334 -2.85416666666665 40.66666666666665
0512 -2.85416666666665 40.83333333333334 -2.520833333333353 40.66666666666665
0513 -2.520833333333353 40.83333333333334 -2.1875 40.66666666666665
0514 -2.1875 40.83333333333334 -1.854166666666671 40.66666666666665
0515 -1.854166666666671 40.83333333333334 -1.520833333333286 40.66666666666665
0516 -1.520833333333286 40.83333333333334 -1.1875 40.66666666666665
0517 -1.1875 40.83333333333334 -0.854166666666693 40.66666666666665
0518 -0.854166666666693 40.83333333333334 -0.520833333333307 40.66666666666665
0519 -0.520833333333307 40.83333333333334 -0.1875 40.66666666666665
0520 -0.1875 40.83333333333334 0.145833333333375 40.66666666666665
0521 0.145833333333375 40.83333333333334 0.479166666666671 40.66666666666665
0522 0.479166666666671 40.83333333333334 0.8125 40.66666666666665
0523 0.8125 40.83333333333334 1.145833333333353 40.66666666666665
0525 -6.854166666666655 40.66666666666665 -6.520833333333359 40.5
0526 -6.520833333333359 40.66666666666665 -6.1875 40.5
0527 -6.1875 40.66666666666665 -5.854166666666677 40.5
0528 -5.854166666666677 40.66666666666665 -5.520833333333291 40.5
0529 -5.520833333333291 40.66666666666665 -5.1875 40.5
0530 -5.1875 40.66666666666665 -4.854166666666696 40.5
0531 -4.854166666666696 40.66666666666665 -4.520833333333311 40.5
0532 -4.520833333333311 40.66666666666665 -4.1875 40.5
0533 -4.1875 40.66666666666665 -3.854166666666629 40.5
0534 -3.854166666666629 40.66666666666665 -3.520833333333332 40.5
0535 -3.520833333333332 40.66666666666665 -3.1875 40.5
0536 -3.1875 40.66666666666665 -2.85416666666665 40.5
0537 -2.85416666666665 40.66666666666665 -2.520833333333353 40.5
0538 -2.520833333333353 40.66666666666665 -2.1875 40.5
0539 -2.1875 40.66666666666665 -1.854166666666671 40.5
0540 -1.854166666666671 40.66666666666665 -1.520833333333286 40.5
0541 -1.520833333333286 40.66666666666665 -1.1875 40.5
0542 -1.1875 40.66666666666665 -0.854166666666693 40.5
0543 -0.854166666666693 40.66666666666665 -0.520833333333307 40.5
0544 -0.520833333333307 40.66666666666665 -0.1875 40.5
0545 -0.1875 40.66666666666665 0.145833333333375 40.5
0546 0.145833333333375 40.66666666666665 0.479166666666671 40.5
0547 0.479166666666671 40.66666666666665 0.8125 40.5
0550 -6.854166666666655 40.5 -6.520833333333359 40.33333333333335
0551 -6.520833333333359 40.5 -6.1875 40.33333333333335
0552 -6.1875 40.5 -5.854166666666677 40.33333333333335
0553 -5.854166666666677 40.5 -5.520833333333291 40.33333333333335
0554 -5.520833333333291 40.5 -5.1875 40.33333333333335
0555 -5.1875 40.5 -4.854166666666696 40.33333333333335
0556 -4.854166666666696 40.5 -4.520833333333311 40.33333333333335
0557 -4.520833333333311 40.5 -4.1875 40.33333333333335
0558 -4.1875 40.5 -3.854166666666629 40.33333333333335
0559 -3.854166666666629 40.5 -3.520833333333332 40.33333333333335
0560 -3.520833333333332 40.5 -3.1875 40.33333333333335
0561 -3.1875 40.5 -2.85416666666665 40.33333333333335
0562 -2.85416666666665 40.5 -2.520833333333353 40.33333333333335
0563 -2.520833333333353 40.5 -2.1875 40.33333333333335
0564 -2.1875 40.5 -1.854166666666671 40.33333333333335
0565 -1.854166666666671 40.5 -1.520833333333286 40.33333333333335
0566 -1.520833333333286 40.5 -1.1875 40.33333333333335
0567 -1.1875 40.5 -0.854166666666693 40.33333333333335
0568 -0.854166666666693 40.5 -0.520833333333307 40.33333333333335
0569 -0.520833333333307 40.5 -0.1875 40.33333333333335
0570 -0.1875 40.5 0.145833333333375 40.33333333333335
0571 0.145833333333375 40.5 0.479166666666671 40.33333333333335
0571B 0.479166666666671 40.5 0.8125 40.33333333333335
0572 -7.1875 40.33333333333335 -6.854166666666655 40.16666666666666
0573 -6.854166666666655 40.33333333333335 -6.520833333333359 40.16666666666666
0574 -6.520833333333359 40.33333333333335 -6.1875 40.16666666666666
0575 -6.1875 40.33333333333335 -5.854166666666677 40.16666666666666
0576 -5.854166666666677 40.33333333333335 -5.520833333333291 40.16666666666666
0577 -5.520833333333291 40.33333333333335 -5.1875 40.16666666666666
0578 -5.1875 40.33333333333335 -4.854166666666696 40.16666666666666
0579 -4.854166666666696 40.33333333333335 -4.520833333333311 40.16666666666666
0580 -4.520833333333311 40.33333333333335 -4.1875 40.16666666666666
0581 -4.1875 40.33333333333335 -3.854166666666629 40.16666666666666
0582 -3.854166666666629 40.33333333333335 -3.520833333333332 40.16666666666666
0583 -3.520833333333332 40.33333333333335 -3.1875 40.16666666666666
0584 -3.1875 40.33333333333335 -2.85416666666665 40.16666666666666
0585 -2.85416666666665 40.33333333333335 -2.520833333333353 40.16666666666666
0586 -2.520833333333353 40.33333333333335 -2.1875 40.16666666666666
0587 -2.1875 40.33333333333335 -1.854166666666671 40.16666666666666
0588 -1.854166666666671 40.33333333333335 -1.520833333333286 40.16666666666666
0589 -1.520833333333286 40.33333333333335 -1.1875 40.16666666666666
0590 -1.1875 40.33333333333335 -0.854166666666693 40.16666666666666
0591 -0.854166666666693 40.33333333333335 -0.520833333333307 40.16666666666666
0592 -0.520833333333307 40.33333333333335 -0.1875 40.16666666666666
0593 -0.1875 40.33333333333335 0.145833333333375 40.16666666666666
0594 0.145833333333375 40.33333333333335 0.479166666666671 40.16666666666666
0595 -7.1875 40.16666666666666 -6.854166666666655 40.0
0596 -6.854166666666655 40.16666666666666 -6.520833333333359 40.0
0597 -6.520833333333359 40.16666666666666 -6.1875 40.0
0598 -6.1875 40.16666666666666 -5.854166666666677 40.0
0599 -5.854166666666677 40.16666666666666 -5.520833333333291 40.0
0600 -5.520833333333291 40.16666666666666 -5.1875 40.0
0601 -5.1875 40.16666666666666 -4.854166666666696 40.0
0602 -4.854166666666696 40.16666666666666 -4.520833333333311 40.0
0603 -4.520833333333311 40.16666666666666 -4.1875 40.0
0604 -4.1875 40.16666666666666 -3.854166666666629 40.0
0605 -3.854166666666629 40.16666666666666 -3.520833333333332 40.0
0606 -3.520833333333332 40.16666666666666 -3.1875 40.0
0607 -3.1875 40.16666666666666 -2.85416666666665 40.0
0608 -2.85416666666665 40.16666666666666 -2.520833333333353 40.0
0609 -2.520833333333353 40.16666666666666 -2.1875 40.0
0610 -2.1875 40.16666666666666 -1.854166666666671 40.0
0611 -1.854166666666671 40.16666666666666 -1.520833333333286 40.0
0612 -1.520833333333286 40.16666666666666 -1.1875 40.0
0613 -1.1875 40.16666666666666 -0.854166666666693 40.0
0614 -0.854166666666693 40.16666666666666 -0.520833333333307 40.0
0615 -0.520833333333307 40.16666666666666 -0.1875 40.0
0616 -0.1875 40.16666666666666 0.145833333333375 40.0
0617 0.145833333333375 40.16666666666666 0.479166666666671 40.0
0617B 3.479166666666696 40.16666666666666 3.8125 40.0
0618 3.8125 40.16666666666666 4.145833333333378 40.0
0619 4.145833333333378 40.16666666666666 4.479166666666675 40.0
0620 -7.1875 40.0 -6.854166666666655 39.833333333333364
0621 -6.854166666666655 40.0 -6.520833333333359 39.833333333333364
0622 -6.520833333333359 40.0 -6.1875 39.833333333333364
0623 -6.1875 40.0 -5.854166666666677 39.833333333333364
0624 -5.854166666666677 40.0 -5.520833333333291 39.833333333333364
0625 -5.520833333333291 40.0 -5.1875 39.833333333333364
0626 -5.1875 40.0 -4.854166666666696 39.833333333333364
0627 -4.854166666666696 40.0 -4.520833333333311 39.833333333333364
0628 -4.520833333333311 40.0 -4.1875 39.833333333333364
0629 -4.1875 40.0 -3.854166666666629 39.833333333333364
0630 -3.854166666666629 40.0 -3.520833333333332 39.833333333333364
0631 -3.520833333333332 40.0 -3.1875 39.833333333333364
0632 -3.1875 40.0 -2.85416666666665 39.833333333333364
0633 -2.85416666666665 40.0 -2.520833333333353 39.833333333333364
0634 -2.520833333333353 40.0 -2.1875 39.833333333333364
0635 -2.1875 40.0 -1.854166666666671 39.833333333333364
0636 -1.854166666666671 40.0 -1.520833333333286 39.833333333333364
0637 -1.520833333333286 40.0 -1.1875 39.833333333333364
0638 -1.1875 40.0 -0.854166666666693 39.833333333333364
0639 -0.854166666666693 40.0 -0.520833333333307 39.833333333333364
0640 -0.520833333333307 40.0 -0.1875 39.833333333333364
0641 -0.1875 40.0 0.145833333333375 39.833333333333364
0642 0.479166666666671 40.0 0.8125 39.833333333333364
0643 2.479166666666629 40.0 2.8125 39.833333333333364
0644 2.8125 40.0 3.145833333333311 39.833333333333364
0645 3.145833333333311 40.0 3.479166666666696 39.833333333333364
0645B 3.479166666666696 40.0 3.8125 39.833333333333364
0646 3.8125 40.0 4.145833333333378 39.833333333333364
0647 4.145833333333378 40.0 4.479166666666675 39.833333333333364
0648 -7.1875 39.833333333333364 -6.854166666666655 39.66666666666667
0649 -6.854166666666655 39.833333333333364 -6.520833333333359 39.66666666666667
0650 -6.520833333333359 39.833333333333364 -6.1875 39.66666666666667
0651 -6.1875 39.833333333333364 -5.854166666666677 39.66666666666667
0652 -5.854166666666677 39.833333333333364 -5.520833333333291 39.66666666666667
0653 -5.520833333333291 39.833333333333364 -5.1875 39.66666666666667
0654 -5.1875 39.833333333333364 -4.854166666666696 39.66666666666667
0655 -4.854166666666696 39.833333333333364 -4.520833333333311 39.66666666666667
0656 -4.520833333333311 39.833333333333364 -4.1875 39.66666666666667
0657 -4.1875 39.833333333333364 -3.854166666666629 39.66666666666667
0658 -3.854166666666629 39.833333333333364 -3.520833333333332 39.66666666666667
0659 -3.520833333333332 39.833333333333364 -3.1875 39.66666666666667
0660 -3.1875 39.833333333333364 -2.85416666666665 39.66666666666667
0661 -2.85416666666665 39.833333333333364 -2.520833333333353 39.66666666666667
0662 -2.520833333333353 39.833333333333364 -2.1875 39.66666666666667
0663 -2.1875 39.833333333333364 -1.854166666666671 39.66666666666667
0664 -1.854166666666671 39.833333333333364 -1.520833333333286 39.66666666666667
0665 -1.520833333333286 39.833333333333364 -1.1875 39.66666666666667
0666 -1.1875 39.833333333333364 -0.854166666666693 39.66666666666667
0667 -0.854166666666693 39.833333333333364 -0.520833333333307 39.66666666666667
0668 -0.520833333333307 39.833333333333364 -0.1875 39.66666666666667
0669 -0.1875 39.833333333333364 0.145833333333375 39.66666666666667
0669B 2.145833333333332 39.833333333333364 2.479166666666629 39.66666666666667
0670 2.479166666666629 39.833333333333364 2.8125 39.66666666666667
0671 2.8125 39.833333333333364 3.145833333333311 39.66666666666667
0672 3.145833333333311 39.833333333333364 3.479166666666696 39.66666666666667
0673 4.145833333333378 39.833333333333364 4.479166666666675 39.66666666666667
0674 -7.854166666666634 39.66666666666667 -7.520833333333337 39.5
0675 -7.520833333333337 39.66666666666667 -7.1875 39.5
0676 -7.1875 39.66666666666667 -6.854166666666655 39.5
0677 -6.854166666666655 39.66666666666667 -6.520833333333359 39.5
0678 -6.520833333333359 39.66666666666667 -6.1875 39.5
0679 -6.1875 39.66666666666667 -5.854166666666677 39.5
0680 -5.854166666666677 39.66666666666667 -5.520833333333291 39.5
0681 -5.520833333333291 39.66666666666667 -5.1875 39.5
0682 -5.1875 39.66666666666667 -4.854166666666696 39.5
0683 -4.854166666666696 39.66666666666667 -4.520833333333311 39.5
0684 -4.520833333333311 39.66666666666667 -4.1875 39.5
0685 -4.1875 39.66666666666667 -3.854166666666629 39.5
0686 -3.854166666666629 39.66666666666667 -3.520833333333332 39.5
0687 -3.520833333333332 39.66666666666667 -3.1875 39.5
0688 -3.1875 39.66666666666667 -2.85416666666665 39.5
0689 -2.85416666666665 39.66666666666667 -2.520833333333353 39.5
0690 -2.520833333333353 39.66666666666667 -2.1875 39.5
0691 -2.1875 39.66666666666667 -1.854166666666671 39.5
0692 -1.854166666666671 39.66666666666667 -1.520833333333286 39.5
0693 -1.520833333333286 39.66666666666667 -1.1875 39.5
0694 -1.1875 39.66666666666667 -0.854166666666693 39.5
0695 -0.854166666666693 39.66666666666667 -0.520833333333307 39.5
0696 -0.520833333333307 39.66666666666667 -0.1875 39.5
0697 2.145833333333332 39.66666666666667 2.479166666666629 39.5
0698 2.479166666666629 39.66666666666667 2.8125 39.5
0699 2.8125 39.66666666666667 3.145833333333311 39.5
0700 3.145833333333311 39.66666666666667 3.479166666666696 39.5
0701 -7.520833333333337 39.5 -7.1875 39.33333333333337
0702 -7.1875 39.5 -6.854166666666655 39.33333333333337
0703 -6.854166666666655 39.5 -6.520833333333359 39.33333333333337
0704 -6.520833333333359 39.5 -6.1875 39.33333333333337
0705 -6.1875 39.5 -5.854166666666677 39.33333333333337
0706 -5.854166666666677 39.5 -5.520833333333291 39.33333333333337
0707 -5.520833333333291 39.5 -5.1875 39.33333333333337
0708 -5.1875 39.5 -4.854166666666696 39.33333333333337
0709 -4.854166666666696 39.5 -4.520833333333311 39.33333333333337
0710 -4.520833333333311 39.5 -4.1875 39.33333333333337
0711 -4.1875 39.5 -3.854166666666629 39.33333333333337
0712 -3.854166666666629 39.5 -3.520833333333332 39.33333333333337
0713 -3.520833333333332 39.5 -3.1875 39.33333333333337
0714 -3.1875 39.5 -2.85416666666665 39.33333333333337
0715 -2.85416666666665 39.5 -2.520833333333353 39.33333333333337
0716 -2.520833333333353 39.5 -2.1875 39.33333333333337
0717 -2.1875 39.5 -1.854166666666671 39.33333333333337
0718 -1.854166666666671 39.5 -1.520833333333286 39.33333333333337
0719 -1.520833333333286 39.5 -1.1875 39.33333333333337
0720 -1.1875 39.5 -0.854166666666693 39.33333333333337
0721 -0.854166666666693 39.5 -0.520833333333307 39.33333333333337
0722 -0.520833333333307 39.5 -0.1875 39.33333333333337
0722B 2.145833333333332 39.5 2.479166666666629 39.33333333333337
0723 2.479166666666629 39.5 2.8125 39.33333333333337
0724 2.8125 39.5 3.145833333333311 39.33333333333337
0725 3.145833333333311 39.5 3.479166666666696 39.33333333333337
0726 -7.520833333333337 39.33333333333337 -7.1875 39.16666666666668
0727 -7.1875 39.33333333333337 -6.854166666666655 39.16666666666668
0728 -6.854166666666655 39.33333333333337 -6.520833333333359 39.16666666666668
0729 -6.520833333333359 39.33333333333337 -6.1875 39.16666666666668
0730 -6.1875 39.33333333333337 -5.854166666666677 39.16666666666668
0731 -5.854166666666677 39.33333333333337 -5.520833333333291 39.16666666666668
0732 -5.520833333333291 39.33333333333337 -5.1875 39.16666666666668
0733 -5.1875 39.33333333333337 -4.854166666666696 39.16666666666668
0734 -4.854166666666696 39.33333333333337 -4.520833333333311 39.16666666666668
0735 -4.520833333333311 39.33333333333337 -4.1875 39.16666666666668
0736 -4.1875 39.33333333333337 -3.854166666666629 39.16666666666668
0737 -3.854166666666629 39.33333333333337 -3.520833333333332 39.16666666666668
0738 -3.520833333333332 39.33333333333337 -3.1875 39.16666666666668
0739 -3.1875 39.33333333333337 -2.85416666666665 39.16666666666668
0740 -2.85416666666665 39.33333333333337 -2.520833333333353 39.16666666666668
0741 -2.520833333333353 39.33333333333337 -2.1875 39.16666666666668
0742 -2.1875 39.33333333333337 -1.854166666666671 39.16666666666668
0743 -1.854166666666671 39.33333333333337 -1.520833333333286 39.16666666666668
0744 -1.520833333333286 39.33333333333337 -1.1875 39.16666666666668
0745 -1.1875 39.33333333333337 -0.854166666666693 39.16666666666668
0746 -0.854166666666693 39.33333333333337 -0.520833333333307 39.16666666666668
0747 -0.520833333333307 39.33333333333337 -0.1875 39.16666666666668
0748 2.8125 39.33333333333337 3.145833333333311 39.16666666666668
0749 3.145833333333311 39.33333333333337 3.479166666666696 39.16666666666668
0750 -7.1875 39.16666666666668 -6.854166666666655 39.0
0751 -6.854166666666655 39.16666666666668 -6.520833333333359 39.0
0752 -6.520833333333359 39.16666666666668 -6.1875 39.0
0753 -6.1875 39.16666666666668 -5.854166666666677 39.0
0754 -5.854166666666677 39.16666666666668 -5.520833333333291 39.0
0755 -5.520833333333291 39.16666666666668 -5.1875 39.0
0756 -5.1875 39.16666666666668 -4.854166666666696 39.0
0757 -4.854166666666696 39.16666666666668 -4.520833333333311 39.0
0758 -4.520833333333311 39.16666666666668 -4.1875 39.0
0759 -4.1875 39.16666666666668 -3.854166666666629 39.0
0760 -3.854166666666629 39.16666666666668 -3.520833333333332 39.0
0761 -3.520833333333332 39.16666666666668 -3.1875 39.0
0762 -3.1875 39.16666666666668 -2.85416666666665 39.0
0763 -2.85416666666665 39.16666666666668 -2.520833333333353 39.0
0764 -2.520833333333353 39.16666666666668 -2.1875 39.0
0765 -2.1875 39.16666666666668 -1.854166666666671 39.0
0766 -1.854166666666671 39.16666666666668 -1.520833333333286 39.0
0767 -1.520833333333286 39.16666666666668 -1.1875 39.0
0768 -1.1875 39.16666666666668 -0.854166666666693 39.0
0769 -0.854166666666693 39.16666666666668 -0.520833333333307 39.0
0770 -0.520833333333307 39.16666666666668 -0.1875 39.0
0771 -0.1875 39.16666666666668 0.145833333333375 39.0
0772 1.145833333333353 39.16666666666668 1.47916666666665 39.0
0773 1.47916666666665 39.16666666666668 1.8125 39.0
0774 2.8125 39.16666666666668 3.145833333333311 39.0
0775 -7.1875 39.0 -6.854166666666655 38.833333333333385
0776 -6.854166666666655 39.0 -6.520833333333359 38.833333333333385
0777 -6.520833333333359 39.0 -6.1875 38.833333333333385
0778 -6.1875 39.0 -5.854166666666677 38.833333333333385
0779 -5.854166666666677 39.0 -5.520833333333291 38.833333333333385
0780 -5.520833333333291 39.0 -5.1875 38.833333333333385
0781 -5.1875 39.0 -4.854166666666696 38.833333333333385
0782 -4.854166666666696 39.0 -4.520833333333311 38.833333333333385
0783 -4.520833333333311 39.0 -4.1875 38.833333333333385
0784 -4.1875 39.0 -3.854166666666629 38.833333333333385
0785 -3.854166666666629 39.0 -3.520833333333332 38.833333333333385
0786 -3.520833333333332 39.0 -3.1875 38.833333333333385
0787 -3.1875 39.0 -2.85416666666665 38.833333333333385
0788 -2.85416666666665 39.0 -2.520833333333353 38.833333333333385
0789 -2.520833333333353 39.0 -2.1875 38.833333333333385
0790 -2.1875 39.0 -1.854166666666671 38.833333333333385
0791 -1.854166666666671 39.0 -1.520833333333286 38.833333333333385
0792 -1.520833333333286 39.0 -1.1875 38.833333333333385
0793 -1.1875 39.0 -0.854166666666693 38.833333333333385
0794 -0.854166666666693 39.0 -0.520833333333307 38.833333333333385
0795 -0.520833333333307 39.0 -0.1875 38.833333333333385
0796 -0.1875 39.0 0.145833333333375 38.833333333333385
0798 1.145833333333353 39.0 1.47916666666665 38.833333333333385
0799 1.47916666666665 39.0 1.8125 38.833333333333385
0800 -7.520833333333337 38.833333333333385 -7.1875 38.66666666666669
0801 -7.1875 38.833333333333385 -6.854166666666655 38.66666666666669
0802 -6.854166666666655 38.833333333333385 -6.520833333333359 38.66666666666669
0803 -6.520833333333359 38.833333333333385 -6.1875 38.66666666666669
0804 -6.1875 38.833333333333385 -5.854166666666677 38.66666666666669
0805 -5.854166666666677 38.833333333333385 -5.520833333333291 38.66666666666669
0806 -5.520833333333291 38.833333333333385 -5.1875 38.66666666666669
0807 -5.1875 38.833333333333385 -4.854166666666696 38.66666666666669
0808 -4.854166666666696 38.833333333333385 -4.520833333333311 38.66666666666669
0809 -4.520833333333311 38.833333333333385 -4.1875 38.66666666666669
0810 -4.1875 38.833333333333385 -3.854166666666629 38.66666666666669
0811 -3.854166666666629 38.833333333333385 -3.520833333333332 38.66666666666669
0812 -3.520833333333332 38.833333333333385 -3.1875 38.66666666666669
0813 -3.1875 38.833333333333385 -2.85416666666665 38.66666666666669
0814 -2.85416666666665 38.833333333333385 -2.520833333333353 38.66666666666669
0815 -2.520833333333353 38.833333333333385 -2.1875 38.66666666666669
0816 -2.1875 38.833333333333385 -1.854166666666671 38.66666666666669
0817 -1.854166666666671 38.833333333333385 -1.520833333333286 38.66666666666669
0818 -1.520833333333286 38.833333333333385 -1.1875 38.66666666666669
0819 -1.1875 38.833333333333385 -0.854166666666693 38.66666666666669
0820 -0.854166666666693 38.833333333333385 -0.520833333333307 38.66666666666669
0821 -0.520833333333307 38.833333333333385 -0.1875 38.66666666666669
0822 -0.1875 38.833333333333385 0.145833333333375 38.66666666666669
0823 0.145833333333375 38.833333333333385 0.479166666666671 38.66666666666669
0824 1.145833333333353 38.833333333333385 1.47916666666665 38.66666666666669
0825 1.47916666666665 38.833333333333385 1.8125 38.66666666666669
0826 -7.520833333333337 38.66666666666669 -7.1875 38.5
0827 -7.1875 38.66666666666669 -6.854166666666655 38.5
0828 -6.854166666666655 38.66666666666669 -6.520833333333359 38.5
0829 -6.520833333333359 38.66666666666669 -6.1875 38.5
0830 -6.1875 38.66666666666669 -5.854166666666677 38.5
0831 -5.854166666666677 38.66666666666669 -5.520833333333291 38.5
0832 -5.520833333333291 38.66666666666669 -5.1875 38.5
0833 -5.1875 38.66666666666669 -4.854166666666696 38.5
0834 -4.854166666666696 38.66666666666669 -4.520833333333311 38.5
0835 -4.520833333333311 38.66666666666669 -4.1875 38.5
0836 -4.1875 38.66666666666669 -3.854166666666629 38.5
0837 -3.854166666666629 38.66666666666669 -3.520833333333332 38.5
0838 -3.520833333333332 38.66666666666669 -3.1875 38.5
0839 -3.1875 38.66666666666669 -2.85416666666665 38.5
0840 -2.85416666666665 38.66666666666669 -2.520833333333353 38.5
0841 -2.520833333333353 38.66666666666669 -2.1875 38.5
0842 -2.1875 38.66666666666669 -1.854166666666671 38.5
0843 -1.854166666666671 38.66666666666669 -1.520833333333286 38.5
0844 -1.520833333333286 38.66666666666669 -1.1875 38.5
0845 -1.1875 38.66666666666669 -0.854166666666693 38.5
0846 -0.854166666666693 38.66666666666669 -0.520833333333307 38.5
0847 -0.520833333333307 38.66666666666669 -0.1875 38.5
0848 -0.1875 38.66666666666669 0.145833333333375 38.5
0849 1.145833333333353 38.66666666666669 1.47916666666665 38.5
0850 1.47916666666665 38.66666666666669 1.8125 38.5
0851 -7.520833333333337 38.5 -7.1875 38.33333333333339
0852 -7.1875 38.5 -6.854166666666655 38.33333333333339
0853 -6.854166666666655 38.5 -6.520833333333359 38.33333333333339
0854 -6.520833333333359 38.5 -6.1875 38.33333333333339
0855 -6.1875 38.5 -5.854166666666677 38.33333333333339
0856 -5.854166666666677 38.5 -5.520833333333291 38.33333333333339
0857 -5.520833333333291 38.5 -5.1875 38.33333333333339
0858 -5.1875 38.5 -4.854166666666696 38.33333333333339
0859 -4.854166666666696 38.5 -4.520833333333311 38.33333333333339
0860 -4.520833333333311 38.5 -4.1875 38.33333333333339
0861 -4.1875 38.5 -3.854166666666629 38.33333333333339
0862 -3.854166666666629 38.5 -3.520833333333332 38.33333333333339
0863 -3.520833333333332 38.5 -3.1875 38.33333333333339
0864 -3.1875 38.5 -2.85416666666665 38.33333333333339
0865 -2.85416666666665 38.5 -2.520833333333353 38.33333333333339
0866 -2.520833333333353 38.5 -2.1875 38.33333333333339
0867 -2.1875 38.5 -1.854166666666671 38.33333333333339
0868 -1.854166666666671 38.5 -1.520833333333286 38.33333333333339
0869 -1.520833333333286 38.5 -1.1875 38.33333333333339
0870 -1.1875 38.5 -0.854166666666693 38.33333333333339
0871 -0.854166666666693 38.5 -0.520833333333307 38.33333333333339
0872 -0.520833333333307 38.5 -0.1875 38.33333333333339
0873 -7.520833333333337 38.33333333333339 -7.1875 38.1666666666667
0874 -7.1875 38.33333333333339 -6.854166666666655 38.1666666666667
0875 -6.854166666666655 38.33333333333339 -6.520833333333359 38.1666666666667
0876 -6.520833333333359 38.33333333333339 -6.1875 38.1666666666667
0877 -6.1875 38.33333333333339 -5.854166666666677 38.1666666666667
0878 -5.854166666666677 38.33333333333339 -5.520833333333291 38.1666666666667
0879 -5.520833333333291 38.33333333333339 -5.1875 38.1666666666667
0880 -5.1875 38.33333333333339 -4.854166666666696 38.1666666666667
0881 -4.854166666666696 38.33333333333339 -4.520833333333311 38.1666666666667
0882 -4.520833333333311 38.33333333333339 -4.1875 38.1666666666667
0883 -4.1875 38.33333333333339 -3.854166666666629 38.1666666666667
0884 -3.854166666666629 38.33333333333339 -3.520833333333332 38.1666666666667
0885 -3.520833333333332 38.33333333333339 -3.1875 38.1666666666667
0886 -3.1875 38.33333333333339 -2.85416666666665 38.1666666666667
0887 -2.85416666666665 38.33333333333339 -2.520833333333353 38.1666666666667
0888 -2.520833333333353 38.33333333333339 -2.1875 38.1666666666667
0889 -2.1875 38.33333333333339 -1.854166666666671 38.1666666666667
0890 -1.854166666666671 38.33333333333339 -1.520833333333286 38.1666666666667
0891 -1.520833333333286 38.33333333333339 -1.1875 38.1666666666667
0892 -1.1875 38.33333333333339 -0.854166666666693 38.1666666666667
0893 -0.854166666666693 38.33333333333339 -0.520833333333307 38.1666666666667
0894 -0.520833333333307 38.33333333333339 -0.1875 38.1666666666667
0895 -7.1875 38.1666666666667 -6.854166666666655 38.0
0896 -6.854166666666655 38.1666666666667 -6.520833333333359 38.0
0897 -6.520833333333359 38.1666666666667 -6.1875 38.0
0898 -6.1875 38.1666666666667 -5.854166666666677 38.0
0899 -5.854166666666677 38.1666666666667 -5.520833333333291 38.0
0900 -5.520833333333291 38.1666666666667 -5.1875 38.0
0901 -5.1875 38.1666666666667 -4.854166666666696 38.0
0902 -4.854166666666696 38.1666666666667 -4.520833333333311 38.0
0903 -4.520833333333311 38.1666666666667 -4.1875 38.0
0904 -4.1875 38.1666666666667 -3.854166666666629 38.0
0905 -3.854166666666629 38.1666666666667 -3.520833333333332 38.0
0906 -3.520833333333332 38.1666666666667 -3.1875 38.0
0907 -3.1875 38.1666666666667 -2.85416666666665 38.0
0908 -2.85416666666665 38.1666666666667 -2.520833333333353 38.0
0909 -2.520833333333353 38.1666666666667 -2.1875 38.0
0910 -2.1875 38.1666666666667 -1.854166666666671 38.0
0911 -1.854166666666671 38.1666666666667 -1.520833333333286 38.0
0912 -1.520833333333286 38.1666666666667 -1.1875 38.0
0913 -1.1875 38.1666666666667 -0.854166666666693 38.0
0914 -0.854166666666693 38.1666666666667 -0.520833333333307 38.0
0914B -0.520833333333307 38.1666666666667 -0.1875 38.0
0915 -7.520833333333337 38.0 -7.1875 37.833333333333314
0916 -7.1875 38.0 -6.854166666666655 37.833333333333314
0917 -6.854166666666655 38.0 -6.520833333333359 37.833333333333314
0918 -6.520833333333359 38.0 -6.1875 37.833333333333314
0919 -6.1875 38.0 -5.854166666666677 37.833333333333314
0920 -5.854166666666677 38.0 -5.520833333333291 37.833333333333314
0921 -5.520833333333291 38.0 -5.1875 37.833333333333314
0922 -5.1875 38.0 -4.854166666666696 37.833333333333314
0923 -4.854166666666696 38.0 -4.520833333333311 37.833333333333314
0924 -4.520833333333311 38.0 -4.1875 37.833333333333314
0925 -4.1875 38.0 -3.854166666666629 37.833333333333314
0926 -3.854166666666629 38.0 -3.520833333333332 37.833333333333314
0927 -3.520833333333332 38.0 -3.1875 37.833333333333314
0928 -3.1875 38.0 -2.85416666666665 37.833333333333314
0929 -2.85416666666665 38.0 -2.520833333333353 37.833333333333314
0930 -2.520833333333353 38.0 -2.1875 37.833333333333314
0931 -2.1875 38.0 -1.854166666666671 37.833333333333314
0932 -1.854166666666671 38.0 -1.520833333333286 37.833333333333314
0933 -1.520833333333286 38.0 -1.1875 37.833333333333314
0934 -1.1875 38.0 -0.854166666666693 37.833333333333314
0935 -0.854166666666693 38.0 -0.520833333333307 37.833333333333314
0936 -7.520833333333337 37.833333333333314 -7.1875 37.666666666666714
0937 -7.1875 37.833333333333314 -6.854166666666655 37.666666666666714
0938 -6.854166666666655 37.833333333333314 -6.520833333333359 37.666666666666714
0939 -6.520833333333359 37.833333333333314 -6.1875 37.666666666666714
0940 -6.1875 37.833333333333314 -5.854166666666677 37.666666666666714
0941 -5.854166666666677 37.833333333333314 -5.520833333333291 37.666666666666714
0942 -5.520833333333291 37.833333333333314 -5.1875 37.666666666666714
0943 -5.1875 37.833333333333314 -4.854166666666696 37.666666666666714
0944 -4.854166666666696 37.833333333333314 -4.520833333333311 37.666666666666714
0945 -4.520833333333311 37.833333333333314 -4.1875 37.666666666666714
0946 -4.1875 37.833333333333314 -3.854166666666629 37.666666666666714
0947 -3.854166666666629 37.833333333333314 -3.520833333333332 37.666666666666714
0948 -3.520833333333332 37.833333333333314 -3.1875 37.666666666666714
0949 -3.1875 37.833333333333314 -2.85416666666665 37.666666666666714
0950 -2.85416666666665 37.833333333333314 -2.520833333333353 37.666666666666714
0951 -2.520833333333353 37.833333333333314 -2.1875 37.666666666666714
0952 -2.1875 37.833333333333314 -1.854166666666671 37.666666666666714
0953 -1.854166666666671 37.833333333333314 -1.520833333333286 37.666666666666714
0954 -1.520833333333286 37.833333333333314 -1.1875 37.666666666666714
0955 -1.1875 37.833333333333314 -0.854166666666693 37.666666666666714
0956 -0.854166666666693 37.833333333333314 -0.520833333333307 37.666666666666714
0958 -7.520833333333337 37.666666666666714 -7.1875 37.5
0959 -7.1875 37.666666666666714 -6.854166666666655 37.5
0960 -6.854166666666655 37.666666666666714 -6.520833333333359 37.5
0961 -6.520833333333359 37.666666666666714 -6.1875 37.5
0962 -6.1875 37.666666666666714 -5.854166666666677 37.5
0963 -5.854166666666677 37.666666666666714 -5.520833333333291 37.5
0964 -5.520833333333291 37.666666666666714 -5.1875 37.5
0965 -5.1875 37.666666666666714 -4.854166666666696 37.5
0966 -4.854166666666696 37.666666666666714 -4.520833333333311 37.5
0967 -4.520833333333311 37.666666666666714 -4.1875 37.5
0968 -4.1875 37.666666666666714 -3.854166666666629 37.5
0969 -3.854166666666629 37.666666666666714 -3.520833333333332 37.5
0970 -3.520833333333332 37.666666666666714 -3.1875 37.5
0971 -3.1875 37.666666666666714 -2.85416666666665 37.5
0972 -2.85416666666665 37.666666666666714 -2.520833333333353 37.5
0973 -2.520833333333353 37.666666666666714 -2.1875 37.5
0974 -2.1875 37.666666666666714 -1.854166666666671 37.5
0975 -1.854166666666671 37.666666666666714 -1.520833333333286 37.5
0976 -1.520833333333286 37.666666666666714 -1.1875 37.5
0977 -1.1875 37.666666666666714 -0.854166666666693 37.5
0978 -0.854166666666693 37.666666666666714 -0.520833333333307 37.5
0980 -7.520833333333337 37.5 -7.1875 37.33333333333333
0981 -7.1875 37.5 -6.854166666666655 37.33333333333333
0982 -6.854166666666655 37.5 -6.520833333333359 37.33333333333333
0983 -6.520833333333359 37.5 -6.1875 37.33333333333333
0984 -6.1875 37.5 -5.854166666666677 37.33333333333333
0985 -5.854166666666677 37.5 -5.520833333333291 37.33333333333333
0986 -5.520833333333291 37.5 -5.1875 37.33333333333333
0987 -5.1875 37.5 -4.854166666666696 37.33333333333333
0988 -4.854166666666696 37.5 -4.520833333333311 37.33333333333333
0989 -4.520833333333311 37.5 -4.1875 37.33333333333333
0990 -4.1875 37.5 -3.854166666666629 37.33333333333333
0991 -3.854166666666629 37.5 -3.520833333333332 37.33333333333333
0992 -3.520833333333332 37.5 -3.1875 37.33333333333333
0993 -3.1875 37.5 -2.85416666666665 37.33333333333333
0994 -2.85416666666665 37.5 -2.520833333333353 37.33333333333333
0995 -2.520833333333353 37.5 -2.1875 37.33333333333333
0996 -2.1875 37.5 -1.854166666666671 37.33333333333333
0997 -1.854166666666671 37.5 -1.520833333333286 37.33333333333333
0997B -1.520833333333286 37.5 -1.1875 37.33333333333333
0998 -7.520833333333337 37.33333333333333 -7.1875 37.166666666666636
0999 -7.1875 37.33333333333333 -6.854166666666655 37.166666666666636
1000 -6.854166666666655 37.33333333333333 -6.520833333333359 37.16666666666672
1001 -6.520833333333359 37.33333333333333 -6.1875 37.16666666666672
1002 -6.1875 37.33333333333333 -5.854166666666677 37.16666666666672
1003 -5.854166666666677 37.33333333333333 -5.520833333333291 37.16666666666672
1004 -5.520833333333291 37.33333333333333 -5.1875 37.16666666666672
1005 -5.1875 37.33333333333333 -4.854166666666696 37.16666666666672
1006 -4.854166666666696 37.33333333333333 -4.520833333333311 37.16666666666672
1007 -4.520833333333311 37.33333333333333 -4.1875 37.16666666666672
1008 -4.1875 37.33333333333333 -3.854166666666629 37.16666666666672
1009 -3.854166666666629 37.33333333333333 -3.520833333333332 37.16666666666672
1010 -3.520833333333332 37.33333333333333 -3.1875 37.16666666666672
1011 -3.1875 37.33333333333333 -2.85416666666665 37.16666666666672
1012 -2.85416666666665 37.33333333333333 -2.520833333333353 37.16666666666672
1013 -2.520833333333353 37.33333333333333 -2.1875 37.16666666666672
1014 -2.1875 37.33333333333333 -1.854166666666671 37.16666666666672
1015 -1.854166666666671 37.33333333333333 -1.520833333333286 37.16666666666672
1016 -7.1875 37.16666666666672 -6.854166666666655 37.0
1017 -6.854166666666655 37.16666666666672 -6.520833333333359 37.0
1018 -6.520833333333359 37.16666666666672 -6.1875 37.0
1019 -6.1875 37.16666666666672 -5.854166666666677 37.0
1020 -5.854166666666677 37.16666666666672 -5.520833333333291 37.0
1021 -5.520833333333291 37.16666666666672 -5.1875 37.0
1022 -5.1875 37.16666666666672 -4.854166666666696 37.0
1023 -4.854166666666696 37.16666666666672 -4.520833333333311 37.0
1024 -4.520833333333311 37.16666666666672 -4.1875 37.0
1025 -4.1875 37.16666666666672 -3.854166666666629 37.0
1026 -3.854166666666629 37.16666666666672 -3.520833333333332 37.0
1027 -3.520833333333332 37.16666666666672 -3.1875 37.0
1028 -3.1875 37.16666666666672 -2.85416666666665 37.0
1029 -2.85416666666665 37.16666666666672 -2.520833333333353 37.0
1030 -2.520833333333353 37.16666666666672 -2.1875 37.0
1031 -2.1875 37.16666666666672 -1.854166666666671 37.0
1032 -1.854166666666671 37.16666666666672 -1.520833333333286 37.0
1032B -6.854166666666655 37.0 -6.520833333333359 36.833333333333336
1033 -6.520833333333359 37.0 -6.1875 36.833333333333336
1034 -6.1875 37.0 -5.854166666666677 36.833333333333336
1035 -5.854166666666677 37.0 -5.520833333333291 36.833333333333336
1036 -5.520833333333291 37.0 -5.1875 36.833333333333336
1037 -5.1875 37.0 -4.854166666666696 36.833333333333336
1038 -4.854166666666696 37.0 -4.520833333333311 36.833333333333336
1039 -4.520833333333311 37.0 -4.1875 36.833333333333336
1040 -4.1875 37.0 -3.854166666666629 36.833333333333336
1041 -3.854166666666629 37.0 -3.520833333333332 36.833333333333336
1042 -3.520833333333332 37.0 -3.1875 36.833333333333336
1043 -3.1875 37.0 -2.85416666666665 36.833333333333336
1044 -2.85416666666665 37.0 -2.520833333333353 36.833333333333336
1045 -2.520833333333353 37.0 -2.1875 36.833333333333336
1046 -2.1875 37.0 -1.854166666666671 36.833333333333336
1047 -6.520833333333359 36.833333333333336 -6.1875 36.66666666666664
1048 -6.1875 36.833333333333336 -5.854166666666677 36.66666666666664
1049 -5.854166666666677 36.833333333333336 -5.520833333333291 36.66666666666664
1050 -5.520833333333291 36.833333333333336 -5.1875 36.66666666666664
1051 -5.1875 36.833333333333336 -4.854166666666696 36.66666666666664
1052 -4.854166666666696 36.833333333333336 -4.520833333333311 36.66666666666664
1053 -4.520833333333311 36.833333333333336 -4.1875 36.66666666666664
1054 -4.1875 36.833333333333336 -3.854166666666629 36.66666666666664
1055 -3.854166666666629 36.833333333333336 -3.520833333333332 36.66666666666664
1056 -3.520833333333332 36.833333333333336 -3.1875 36.66666666666664
1057 -3.1875 36.833333333333336 -2.85416666666665 36.66666666666664
1058 -2.85416666666665 36.833333333333336 -2.520833333333353 36.66666666666664
1059 -2.520833333333353 36.833333333333336 -2.1875 36.66666666666664
1060 -2.1875 36.833333333333336 -1.854166666666671 36.66666666666664
1061 -6.520833333333359 36.66666666666664 -6.1875 36.5
1062 -6.1875 36.66666666666664 -5.854166666666677 36.5
1063 -5.854166666666677 36.66666666666664 -5.520833333333291 36.5
1064 -5.520833333333291 36.66666666666664 -5.1875 36.5
1065 -5.1875 36.66666666666664 -4.854166666666696 36.5
1066 -4.854166666666696 36.66666666666664 -4.520833333333311 36.5
1067 -4.520833333333311 36.66666666666664 -4.1875 36.5
1068 -6.520833333333359 36.5 -6.1875 36.33333333333335
1069 -6.1875 36.5 -5.854166666666677 36.33333333333335
1070 -5.854166666666677 36.5 -5.520833333333291 36.33333333333335
1071 -5.520833333333291 36.5 -5.1875 36.33333333333335
1072 -5.1875 36.5 -4.854166666666696 36.33333333333335
1072B -4.854166666666696 36.5 -4.520833333333311 36.33333333333335
1073 -6.1875 36.33333333333335 -5.854166666666677 36.16666666666666
1074 -5.854166666666677 36.33333333333335 -5.520833333333291 36.16666666666666
1075 -5.520833333333291 36.33333333333335 -5.1875 36.16666666666666
1076 -6.1875 36.16666666666666 -5.854166666666677 36.0
1077 -5.854166666666677 36.16666666666666 -5.520833333333291 36.0
1078 -5.520833333333291 36.16666666666666 -5.1875 36.0
1079 -13.733333333333338 29.416666666666664 -13.4 29.25
1079B -13.35 29.29166666666669 -13.316666666666695 29.258333333333315
1080 -13.733333333333338 29.25 -13.4 29.08333333333328
1081 -14.066666666666723 29.08333333333328 -13.733333333333338 28.916666666666675
1082 -13.733333333333338 29.08333333333328 -13.4 28.916666666666675
1083 -18.05 28.86111111111111 -17.716666666666654 28.694444444444418
1084 -13.9 28.916666666666675 -13.566666666666645 28.75
1085 -18.05 28.694444444444418 -17.716666666666654 28.527777777777814
1086 -14.133333333333294 28.76666666666667 -13.8 28.6
1087 -18.05 28.527777777777814 -17.716666666666654 28.36111111111112
1088 -16.6 28.591666666666722 -16.26666666666666 28.425
1089 -16.26666666666666 28.591666666666722 -15.933333333333273 28.425
1090 -14.158333333333324 28.6 -13.791666666666742 28.433333333333284
1091 -16.93333333333334 28.425 -16.6 28.258333333333336
1092 -16.6 28.425 -16.26666666666666 28.258333333333336
1093 -14.344444444444367 28.433333333333284 -14.01111111111107 28.26666666666668
1094 -14.01111111111107 28.433333333333284 -13.677777777777774 28.26666666666668
1095 -17.416666666666732 28.216666666666708 -17.083333333333258 28.01666666666673
1096 -16.93333333333334 28.258333333333336 -16.6 28.091666666666733
1097 -16.6 28.258333333333336 -16.26666666666666 28.091666666666733
1098 -15.716666666666697 28.26388888888893 -15.383333333333312 28.097222222222236
1099 -14.575 28.2 -14.24166666666667 28.033333333333328
1100 -14.24166666666667 28.26666666666668 -13.908333333333285 28.1
1102 -16.766666666666737 28.091666666666733 -16.433333333333263 27.925
1103 -16.008333333333276 28.097222222222236 -15.675 27.93055555555563
1104 -15.675 28.097222222222236 -15.341666666666683 27.93055555555563
1105/1108 -18.2083333333333 27.85833333333329 -17.875 27.633333333333372
1106 -16.008333333333276 27.93055555555563 -15.675 27.76388888888894
1107 -15.675 27.93055555555563 -15.341666666666683 27.76388888888885
1109 -15.783333333333267 27.76388888888894 -15.45 27.597222222222157
1078B -3.1875 36.0 -2.85416666666665 35.83333333333336
1110 -5.520833333333291 36.0 -5.1875 35.83333333333336
1111 -3.1875 35.33333333333337 -2.85416666666665 35.16666666666668
1084/1086 -13.9 28.76666666666667 -13.8 28.75
